12" Driver B RE = 5.81 ohms VT = 1 ft^3
Vgen = 001.000 Vrms
Frequency	Magnitude	 Phase
00009.99512	007.57730	 11.85609
00010.24463	007.58804	 12.12606
00010.51855	007.59742	 12.31101
00010.79346	007.60635	 12.48938
00011.06787	007.61683	 12.71387
00011.34180	007.62475	 12.89208
00011.64160	007.63363	 13.14235
00011.94116	007.64505	 13.63476
00012.24023	007.65674	 13.98386
00012.53979	007.66759	 14.21538
00012.87280	007.68075	 14.49988
00013.22266	007.69474	 14.87612
00013.54712	007.70841	 15.25892
00013.89600	007.72327	 15.53781
00014.24585	007.73738	 15.94062
00014.61963	007.75586	 16.38424
00014.99438	007.77283	 16.74920
00015.36792	007.78988	 17.12089
00015.76733	007.81288	 17.59944
00016.16626	007.83459	 17.97982
00016.59106	007.85868	 18.42670
00017.01489	007.88300	 18.91319
00017.43921	007.90519	 19.35339
00017.88794	007.93539	 19.77752
00018.36230	007.96720	 20.24850
00018.83643	007.99759	 20.89599
00019.32520	008.03823	 21.29322
00019.82471	008.07442	 21.71519
00020.32324	008.11237	 22.28255
00020.84741	008.15501	 23.05589
00021.37158	008.19980	 23.41150
00021.92017	008.25119	 24.37440
00022.49414	008.30542	 24.80840
00023.06836	008.36248	 25.70429
00023.66699	008.41833	 26.18694
00024.26563	008.48692	 26.86141
00024.88916	008.55381	 27.81916
00025.51318	008.63681	 28.41254
00026.19214	008.72244	 29.39118
00026.84082	008.81524	 30.03994
00027.53906	008.91330	 30.97106
00028.23779	009.03728	 31.86816
00028.96118	009.16528	 32.65174
00029.70947	009.29319	 33.67021
00030.48315	009.44447	 34.55525
00031.25659	009.59608	 35.45082
00032.07031	009.77465	 36.50921
00032.89355	009.96935	 37.59100
00033.74194	010.19880	 38.67737
00034.59058	010.43419	 39.60662
00035.48877	010.70491	 40.78466
00036.38745	010.99623	 41.84484
00037.33545	011.32308	 42.91405
00038.28394	011.69188	 44.12857
00039.26563	012.11307	 45.30136
00040.28857	012.60110	 46.50075
00041.31201	013.14195	 47.72357
00042.35986	013.77854	 48.92464
00043.45752	014.52903	 50.02082
00044.55542	015.39316	 51.12312
00045.71826	016.46321	 52.15965
00046.89136	017.73569	 53.16201
00048.08862	019.30793	 53.99051
00049.33643	021.31834	 54.65849
00050.58398	023.86287	 54.72109
00051.89697	027.20897	 53.92456
00053.24414	031.41147	 52.45634
00054.59131	037.25852	 50.35085
00055.98853	046.40085	 45.75767
00057.43628	060.79327	 36.47351
00058.92358	079.11206	 16.09322
00060.42065	082.20902	-13.15114
00061.96729	066.73543	-38.41927
00063.56396	048.89627	-52.23250
00065.19580	037.04049	-58.45651
00066.86743	029.35738	-61.05864
00068.58936	024.13844	-61.64438
00070.33569	020.47655	-61.15173
00072.14697	017.71536	-60.14672
00073.99414	015.57232	-58.63959
00075.89063	013.87211	-56.60559
00077.84131	012.49339	-54.23412
00079.83789	011.37717	-51.54152
00081.88379	010.48105	-48.51961
00083.99487	009.76888	-45.30939
00086.14087	009.20374	-42.19434
00088.36133	008.73639	-39.02144
00090.61646	008.34250	-36.10042
00092.93652	008.00013	-33.04334
00095.33228	007.71043	-29.96895
00097.79297	007.46012	-26.90195
00100.28809	007.26354	-23.72870
00102.85449	007.12030	-20.57624
00105.49902	007.04232	-17.52386
00108.19385	006.98985	-15.15912
00110.97949	006.88843	-12.70650
00113.82324	006.82199	-10.08975
00116.75269	006.77461	-07.47479
00119.74683	006.75196	-04.94950
00122.83130	006.74917	-02.51657
00125.97534	006.76409	-00.20551
00129.19922	006.79425	 02.06919
00132.51758	006.84030	 04.11646
00135.92700	006.88770	 06.07728
00139.39404	006.93952	 07.98410
00142.97339	007.00138	 09.84474
00146.64063	007.07519	 11.62823
00150.42334	007.14928	 13.35155
00154.28223	007.23822	 15.01897
00158.22485	007.33844	 16.55920
00162.30737	007.43164	 17.92036
00166.45874	007.51257	 19.35845
00170.72437	007.60652	 20.81204
00175.13257	007.71411	 22.20443
00179.60376	007.82643	 23.57107
00184.21973	007.95442	 24.87206
00188.95093	008.08253	 26.04758
00193.80176	008.20804	 27.19348
00198.78271	008.33209	 28.36894
00203.87329	008.47012	 29.47164
00209.15259	008.61579	 30.62280
00214.39844	008.76272	 31.64134
00219.88477	008.91420	 32.61434
00225.61694	009.08344	 33.60331
00231.35864	009.23206	 34.36447
00237.09448	009.38061	 35.34088
00243.32788	009.55182	 36.26417
00249.56152	009.73371	 37.05960
00255.84863	009.90277	 37.81608
00262.58887	010.09746	 38.59503
00269.32104	010.27989	 39.22105
00276.05688	010.43554	 39.82277
00283.28711	010.59506	 40.61841
00290.52124	010.78363	 41.41985
00298.00513	010.98224	 42.13831
00305.48682	011.18298	 42.83481
00313.46704	011.39211	 43.51430
00321.60181	011.61315	 44.17286
00329.83594	011.83139	 44.75712
00338.31836	012.04933	 45.35770
00346.79785	012.26762	 45.95459
00355.78101	012.50396	 46.54216
00365.00879	012.74167	 47.10613
00374.24072	012.99100	 47.68299
00384.05566	013.25075	 48.21606
00393.78491	013.50330	 48.70341
00403.76563	013.76786	 49.16851
00414.24341	014.03633	 49.65334
00424.71362	014.31050	 50.12429
00435.69482	014.60443	 50.62941
00446.91870	014.90935	 51.06829
00458.54248	015.24200	 51.51982
00470.27124	015.57137	 51.98480
00482.24072	015.96781	 52.45505
00494.71704	016.53342	 52.84020
00507.18359	017.57207	 50.60638
00520.55591	016.22947	 50.30700
00533.78296	016.63100	 52.35542
00547.49756	017.03087	 53.17666
00561.46460	017.41442	 53.75820
00576.08643	017.81083	 54.19767
00590.80933	018.20085	 54.55746
00605.77612	018.57837	 54.93670
00621.48779	018.97292	 55.18767
00637.20386	019.36062	 55.46997
00653.76489	019.76747	 55.76199
00670.47754	020.21200	 55.98726
00687.68384	020.62350	 56.01523
00705.54614	020.96202	 56.20123
00723.50928	021.38005	 56.56308
00741.97119	021.86329	 56.80138
00760.92188	022.33490	 56.88124
00780.68750	022.78062	 56.78602
00800.64038	023.15049	 57.09961
00821.09570	023.65985	 57.15245
00842.20239	024.11461	 57.09149
00863.90454	024.53963	 57.22462
00885.85986	025.12152	 57.40324
00908.65454	025.71071	 56.84431
00932.10425	025.60015	 56.05034
00955.79980	025.74080	 57.36988
00980.64746	026.33156	 58.13425
01005.59424	026.95998	 58.49233
01031.49561	027.60487	 58.66817
01057.68359	028.19827	 58.74662
01084.87793	028.75825	 58.77006
01112.71875	029.29816	 58.92380
01141.41333	029.95803	 59.01355
01170.68335	030.75233	 59.40096
01200.61938	031.89067	 58.66438
01231.45874	031.31272	 57.43518
01263.14063	032.44161	 58.66842
01295.62158	033.30855	 57.46404
01328.79248	033.04795	 55.95488
01362.87842	032.30545	 57.26789
01397.80249	033.14019	 59.00716
01433.81714	033.99433	 59.10975
01470.49561	034.49524	 59.38915
01508.31372	035.09725	 59.83529
01547.13135	035.77288	 60.26419
01586.79224	036.50511	 60.64853
01627.61499	037.29887	 60.89486
01669.37451	038.11930	 61.09301
01712.02197	038.85950	 61.22404
01756.08521	039.63797	 61.37906
01801.03223	040.42765	 61.51249
01847.19067	041.22988	 61.61312
01894.74707	042.03111	 61.73611
01943.23291	042.85217	 61.83102
01993.27832	043.68816	 61.96208
02044.41650	044.53313	 62.06622
02096.15698	045.45716	 62.12801
02151.06494	046.33543	 62.21018
02205.93579	047.21814	 62.27069
02260.77563	048.13076	 62.35462
02320.61670	049.07454	 62.42467
02378.03491	049.97464	 62.45764
02440.35278	050.96302	 62.53384
02502.66675	051.94557	 62.54961
02568.05859	052.92312	 62.61201
02632.92114	053.94891	 62.64194
02700.25732	054.95863	 62.69750
02770.05078	056.02336	 62.75121
02839.90894	057.06041	 62.73691
02912.18970	058.11313	 62.77449
02987.00220	059.19981	 62.80565
03064.29272	060.29638	 62.82584
03141.60645	061.40541	 62.86727
03225.49487	062.59524	 62.88808
03307.79858	063.75532	 62.94488
03392.57959	064.94234	 62.93796
03479.89844	066.18343	 62.98167
03567.17627	067.37797	 63.00369
03659.44067	068.65529	 63.01399
03754.21313	069.94750	 63.01176
03849.92920	071.22230	 63.02633
03949.65332	072.56566	 63.04901
04049.43896	073.89041	 63.05319
04154.23218	075.28771	 63.06554
04261.39087	076.65337	 63.06882
04368.63013	078.07073	 63.06412
04482.49194	079.55417	 63.07830
04597.24805	080.99212	 63.05539
04716.92749	082.52360	 63.06836
04836.62939	083.99178	 63.05375
04961.27466	085.52931	 63.05855
05088.43896	087.11231	 63.06583
05219.70435	088.73144	 63.04670
05351.91772	090.33645	 63.03357
05489.01367	091.97141	 63.03367
05631.13696	093.67400	 63.02477
05777.48633	095.44861	 63.00663
05924.55957	097.15567	 62.98670
06076.77344	098.94683	 62.98808
06231.32813	100.68366	 62.97583
06390.93335	102.52877	 62.97364
06556.57422	104.33830	 62.94502
06723.58228	106.26795	 62.95549
06895.62939	108.18663	 62.90099
07074.32520	110.17099	 62.87722
07256.42432	112.19183	 62.86768
07440.84180	114.18192	 62.86365
07632.83594	116.26225	 62.84889
07828.02417	118.36749	 62.81351
08027.43335	120.49761	 62.75661
08234.49219	122.57973	 62.78958
08445.57764	124.79075	 62.79873
08662.46118	127.04902	 62.73567
08884.41260	129.39265	 62.71092
09112.47241	131.81815	 62.72251
09346.78809	134.11308	 62.69707
09586.18311	136.47258	 62.66926
09832.23828	139.03450	 62.63630
10084.05322	141.46301	 62.60307
10343.09399	144.00518	 62.55263
10607.36572	146.49404	 62.54717
10880.90259	149.26119	 62.52585
11160.09106	151.91654	 62.52384
11446.73291	154.65033	 62.52023
11739.67188	157.40536	 62.40911
12041.29565	160.15656	 62.41379
12349.73145	163.16773	 62.41460
12666.29077	165.96778	 62.36373
12991.34595	169.05938	 62.35750
13325.24951	172.12186	 62.33879
13668.64478	175.14753	 62.30686
14017.51709	178.20513	 62.29267
14377.84155	181.50187	 62.24564
14748.60913	184.76842	 62.23376
15124.91016	187.97710	 62.10953
15513.29102	191.38704	 62.11656
15912.05396	194.90373	 62.12218
16320.30786	198.11822	 62.11836
16740.26563	202.04328	 62.04044
17169.05322	205.57126	 62.01986
17609.67310	209.59405	 61.97980
18061.56030	213.26834	 61.97694
18522.70093	216.87202	 61.90707
19000.58716	221.00675	 61.87007
19488.16284	225.07209	 61.81482
19988.66797	228.83745	 61.84092
